ratio5
width	response
222.81	158.88	19.38	79.10
218.94	156.94	21.31	82.37
217.00	156.94	23.25	86.00
213.13	155.00	25.19	90.27
211.19	155.00	27.13	94.69
207.31	155.00	29.06	99.08
205.38	153.06	31.00	103.05
201.50	153.06	32.94	106.56
197.63	153.06	34.88	109.20
195.69	153.06	36.81	111.27
191.81	153.06	38.75	112.78
187.94	153.06	40.69	113.82
184.06	153.06	42.63	114.56
180.19	153.06	44.56	114.81
178.25	153.06	46.50	114.56
178.25	151.13	48.44	114.29
176.31	151.13	50.38	113.28
176.31	149.19	52.31	112.39
174.38	147.25	54.25	111.02
174.38	147.25	56.19	109.70
172.44	145.31	58.13	108.24
172.44	143.38	60.06	106.70
170.50	141.44	62.00	105.10
168.56	141.44	63.94	103.46
168.56	139.50	65.88	101.86
166.63	137.56	67.81	100.20
166.63	139.50	69.75	98.30
164.69	137.56	71.69	96.23
164.69	135.63	73.63	94.11
546.38	0.00	73.63	94.17
544.44	0.00	75.56	94.37
542.50	0.00	77.50	94.42
540.56	0.00	79.44	94.53
538.63	0.00	81.38	94.34
536.69	0.00	83.31	94.16
534.75	0.00	85.25	93.68
532.81	0.00	87.19	93.06
530.88	0.00	89.13	92.34
528.94	0.00	91.06	91.71
527.00	0.00	93.00	91.00
525.06	0.00	94.94	90.19
523.13	0.00	96.88	89.24
521.19	0.00	98.81	88.23
519.25	0.00	100.75	87.11
517.31	0.00	102.69	85.95
515.38	0.00	104.63	84.89
513.44	0.00	106.56	83.77
511.50	0.00	108.50	82.62
509.56	0.00	110.44	81.47
507.63	0.00	112.38	80.31
505.69	0.00	114.31	79.11
503.75	0.00	116.25	77.87
501.81	0.00	118.19	76.67
499.88	0.00	120.13	75.41
497.94	0.00	122.06	73.99
496.00	0.00	124.00	72.59
494.06	0.00	125.94	71.20
492.13	0.00	127.88	69.71
490.19	0.00	129.81	68.16
488.25	0.00	131.75	66.60
486.31	0.00	133.69	65.01
484.38	0.00	135.63	63.40
482.44	0.00	137.56	61.79
480.50	0.00	139.50	60.18
478.56	0.00	141.44	58.57
476.63	0.00	143.38	56.95
474.69	0.00	145.31	55.33
91.06	91.06	149.19	54.56
89.13	89.13	151.13	54.24
87.19	87.19	153.06	53.94
85.25	85.25	155.00	53.65
83.31	83.31	156.94	53.36
81.38	81.38	158.88	53.07
81.38	79.44	160.81	52.76
79.44	77.50	162.75	52.49
77.50	75.56	164.69	52.21
75.56	73.63	166.63	51.93
73.63	71.69	168.56	51.63
71.69	69.75	170.50	51.32
69.75	67.81	172.44	51.00
67.81	65.88	174.38	50.64
63.94	63.94	176.31	50.26
60.06	62.00	178.25	49.90
58.13	60.06	180.19	49.54
50.38	58.13	182.13	49.17
46.50	56.19	184.06	48.85
42.63	56.19	186.00	48.53
38.75	54.25	187.94	48.21
31.00	52.31	189.88	47.82
25.19	52.31	191.81	47.54
15.50	50.38	193.75	47.33
5.81	50.38	195.69	47.20
0.00	48.44	197.63	47.17
0.00	46.50	199.56	47.06
0.00	44.56	201.50	46.83
0.00	46.50	203.44	46.47
0.00	44.56	205.38	45.96
0.00	42.63	207.31	45.48
0.00	40.69	209.25	45.32
0.00	38.75	211.19	45.13
0.00	36.81	213.13	44.92
0.00	38.75	215.06	44.73
0.00	38.75	217.00	44.53
0.00	36.81	218.94	44.31
0.00	36.81	220.88	44.09
0.00	36.81	222.81	43.86
0.00	34.88	224.75	43.61
0.00	34.88	226.69	43.35
0.00	32.94	228.63	43.07
0.00	32.94	230.56	42.79
0.00	31.00	232.50	42.48
