ratio2
width	response
224.75	155.00	19.38	40.87
222.81	155.00	21.31	42.93
220.88	155.00	23.25	47.41
218.94	153.06	25.19	49.01
217.00	153.06	27.13	53.38
215.06	153.06	29.06	54.62
211.19	153.06	31.00	58.42
209.25	153.06	32.94	59.46
207.31	153.06	34.88	63.24
203.44	153.06	36.81	63.70
201.50	151.13	38.75	67.08
197.63	151.13	40.69	67.62
195.69	151.13	42.63	70.13
191.81	151.13	44.56	70.34
189.88	151.13	46.50	71.99
184.06	151.13	48.44	71.75
184.06	149.19	50.38	72.67
178.25	149.19	52.31	72.08
178.25	147.25	54.25	72.19
176.31	147.25	56.19	71.39
174.38	145.31	58.13	71.28
172.44	143.38	60.06	70.51
172.44	141.44	62.00	70.37
170.50	139.50	63.94	70.12
170.50	137.56	65.88	70.06
168.56	135.63	67.81	69.91
168.56	133.69	69.75	69.71
166.63	131.75	71.69	69.36
164.69	129.81	73.63	69.06
164.69	127.88	75.56	68.48
162.75	127.88	77.50	68.17
162.75	125.94	79.44	67.40
160.81	125.94	81.38	67.22
158.88	124.00	83.31	66.38
158.88	124.00	85.25	66.16
156.94	122.06	87.19	65.23
156.94	122.06	89.13	64.88
155.00	125.94	91.06	63.93
155.00	125.94	93.00	63.63
525.06	0.00	94.94	63.55
523.13	0.00	96.88	63.84
521.19	0.00	98.81	64.94
521.19	0.00	98.81	65.13
519.25	0.00	100.75	66.04
517.31	0.00	102.69	66.09
515.38	0.00	104.63	66.71
513.44	0.00	106.56	66.58
511.50	0.00	108.50	66.82
509.56	0.00	110.44	66.46
507.63	0.00	112.38	66.37
505.69	0.00	114.31	65.84
503.75	0.00	116.25	65.56
501.81	0.00	118.19	64.92
499.88	0.00	120.13	64.41
497.94	0.00	122.06	63.68
496.00	0.00	124.00	63.23
494.06	0.00	125.94	62.51
492.13	0.00	127.88	61.98
490.19	0.00	129.81	61.23
488.25	0.00	131.75	60.71
486.31	0.00	133.69	59.93
484.38	0.00	135.63	59.44
482.44	0.00	137.56	58.71
480.50	0.00	139.50	58.24
478.56	0.00	141.44	57.47
476.63	0.00	143.38	56.83
474.69	0.00	145.31	55.97
472.75	0.00	147.25	55.24
470.81	0.00	149.19	54.29
468.88	0.00	151.13	53.32
466.94	0.00	153.06	52.38
465.00	0.00	155.00	51.38
463.06	0.00	156.94	50.50
461.13	0.00	158.88	49.83
459.19	0.00	160.81	49.03
457.25	0.00	162.75	48.25
455.31	0.00	164.69	47.39
453.38	0.00	166.63	46.72
451.44	0.00	168.56	46.01
449.50	0.00	170.50	45.24
447.56	0.00	172.44	44.37
445.63	0.00	174.38	43.62
443.69	0.00	176.31	42.84
441.75	0.00	178.25	42.17
439.81	0.00	180.19	41.53
58.13	58.13	184.06	41.38
56.19	58.13	186.00	41.11
50.38	56.19	187.94	41.06
48.44	54.25	189.88	40.87
46.50	52.31	191.81	40.82
42.63	52.31	193.75	40.62
40.69	50.38	195.69	40.59
38.75	48.44	197.63	40.40
31.00	46.50	199.56	40.31
27.13	48.44	201.50	40.19
21.31	46.50	203.44	40.22
0.00	44.56	205.38	40.27
0.00	42.63	207.31	40.49
0.00	40.69	209.25	40.61
0.00	38.75	211.19	40.75
0.00	36.81	213.13	40.81
0.00	34.88	215.06	40.89
0.00	36.81	217.00	40.93
0.00	34.88	218.94	40.96
0.00	34.88	220.88	40.96
0.00	32.94	222.81	40.95
0.00	31.00	224.75	40.89
0.00	29.06	226.69	40.80
0.00	29.06	228.63	40.68
0.00	27.13	230.56	40.51
0.00	25.19	232.50	40.35
