ratio1.4
width	response
180.19	143.38	60.06	53.98
178.25	143.38	62.00	53.09
176.31	141.44	63.94	54.23
174.38	141.44	65.88	53.23
174.38	141.44	67.81	54.01
166.63	139.50	69.75	51.56
166.63	137.56	71.69	51.00
164.69	131.75	73.63	51.86
162.75	127.88	75.56	51.77
162.75	124.00	77.50	53.16
160.81	122.06	79.44	54.42
158.88	120.13	81.38	55.21
158.88	118.19	83.31	56.24
158.88	116.25	85.25	56.50
156.94	114.31	87.19	56.80
156.94	114.31	89.13	56.91
155.00	112.38	91.06	56.37
155.00	112.38	93.00	55.71
155.00	110.44	94.94	54.74
155.00	112.38	96.88	53.95
155.00	110.44	98.81	52.97
153.06	110.44	100.75	51.97
153.06	112.38	102.69	51.33
515.38	0.00	104.63	51.97
513.44	0.00	106.56	52.99
511.50	0.00	108.50	53.43
509.56	0.00	110.44	53.82
507.63	0.00	112.38	54.67
505.69	0.00	114.31	54.91
503.75	0.00	116.25	55.65
501.81	0.00	118.19	55.70
501.81	0.00	118.19	55.84
499.88	0.00	120.13	56.35
497.94	0.00	122.06	56.32
496.00	0.00	124.00	56.64
494.06	0.00	125.94	56.37
492.13	0.00	127.88	56.14
490.19	0.00	129.81	56.12
488.25	0.00	131.75	55.74
486.31	0.00	133.69	55.58
484.38	0.00	135.63	54.73
482.44	0.00	137.56	54.03
480.50	0.00	139.50	53.41
478.56	0.00	141.44	52.60
476.63	0.00	143.38	51.96
474.69	0.00	145.31	50.66
472.75	0.00	147.25	49.72
470.81	0.00	149.19	48.95
468.88	0.00	151.13	47.95
466.94	0.00	153.06	47.38
465.00	0.00	155.00	46.24
463.06	0.00	156.94	45.45
461.13	0.00	158.88	45.00
459.19	0.00	160.81	44.25
457.25	0.00	162.75	43.94
455.31	0.00	164.69	43.15
453.38	0.00	166.63	42.80
451.44	0.00	168.56	42.60
449.50	0.00	170.50	42.39
447.56	0.00	172.44	42.49
443.69	0.00	176.31	42.10
443.69	0.00	176.31	41.90
441.75	0.00	178.25	41.92
439.81	0.00	180.19	41.61
437.88	0.00	182.13	41.56
435.94	0.00	184.06	40.95
434.00	0.00	186.00	40.39
432.06	0.00	187.94	39.86
430.13	0.00	189.88	39.19
428.19	0.00	191.81	38.65
426.25	0.00	193.75	37.83
424.31	0.00	195.69	36.97
422.38	0.00	197.63	36.60
420.44	0.00	199.56	36.07
418.50	0.00	201.50	35.66
416.56	0.00	203.44	34.75
77.50	42.63	207.31	33.98
0.00	40.69	209.25	34.36
0.00	42.63	211.19	34.72
0.00	40.69	213.13	35.43
0.00	42.63	215.06	35.77
0.00	42.63	217.00	36.22
0.00	42.63	218.94	36.92
0.00	42.63	220.88	37.30
0.00	40.69	222.81	37.80
0.00	40.69	224.75	37.88
0.00	38.75	226.69	38.07
0.00	38.75	228.63	38.40
0.00	38.75	230.56	38.58
0.00	36.81	232.50	38.85
