ratio4
width	response
222.81	158.88	19.38	71.06
220.88	156.94	21.31	73.51
217.00	156.94	23.25	77.37
215.06	156.94	25.19	79.61
213.13	155.00	27.13	82.83
209.25	155.00	29.06	85.33
205.38	153.06	31.00	89.04
201.50	153.06	32.94	92.69
197.63	153.06	34.88	96.32
195.69	153.06	36.81	99.35
191.81	153.06	38.75	102.02
187.94	153.06	40.69	103.77
186.00	153.06	42.63	105.50
182.13	153.06	44.56	106.23
182.13	151.13	46.50	107.00
180.19	151.13	48.44	106.76
180.19	149.19	50.38	106.23
178.25	149.19	52.31	105.06
176.31	149.19	54.25	103.89
174.38	147.25	56.19	102.20
172.44	147.25	58.13	100.90
170.50	145.31	60.06	99.28
170.50	143.38	62.00	98.18
168.56	141.44	63.94	96.78
168.56	139.50	65.88	95.69
166.63	139.50	67.81	94.45
164.69	137.56	69.75	93.47
164.69	135.63	71.69	92.24
162.75	133.69	73.63	91.26
162.75	131.75	75.56	90.02
160.81	127.88	77.50	88.97
160.81	125.94	79.44	87.72
540.56	0.00	79.44	87.03
538.63	0.00	81.38	87.82
536.69	0.00	83.31	88.08
534.75	0.00	85.25	88.59
532.81	0.00	87.19	88.47
530.88	0.00	89.13	88.29
528.94	0.00	91.06	87.69
527.00	0.00	93.00	87.19
525.06	0.00	94.94	86.60
523.13	0.00	96.88	86.08
521.19	0.00	98.81	85.24
519.25	0.00	100.75	84.57
517.31	0.00	102.69	83.54
515.38	0.00	104.63	82.60
513.44	0.00	106.56	81.61
511.50	0.00	108.50	80.76
509.56	0.00	110.44	79.83
507.63	0.00	112.38	78.94
505.69	0.00	114.31	77.88
503.75	0.00	116.25	76.81
501.81	0.00	118.19	75.63
499.88	0.00	120.13	74.40
497.94	0.00	122.06	73.12
496.00	0.00	124.00	71.87
494.06	0.00	125.94	70.69
492.13	0.00	127.88	69.50
490.19	0.00	129.81	68.28
488.25	0.00	131.75	67.12
486.31	0.00	133.69	65.90
484.38	0.00	135.63	64.75
482.44	0.00	137.56	63.55
480.50	0.00	139.50	62.34
478.56	0.00	141.44	61.17
476.63	0.00	143.38	60.03
474.69	0.00	145.31	58.79
472.75	0.00	147.25	57.48
470.81	0.00	149.19	56.25
468.88	0.00	151.13	54.99
466.94	0.00	153.06	53.75
465.00	0.00	155.00	52.42
463.06	0.00	156.94	51.16
461.13	0.00	158.88	49.82
459.19	0.00	160.81	48.59
77.50	75.56	164.69	48.27
75.56	73.63	166.63	47.88
73.63	71.69	168.56	47.59
71.69	69.75	170.50	47.21
69.75	67.81	172.44	46.95
69.75	65.88	174.38	46.61
67.81	63.94	176.31	46.35
65.88	62.00	178.25	46.02
62.00	60.06	180.19	45.79
60.06	58.13	182.13	45.50
58.13	58.13	184.06	45.29
56.19	56.19	186.00	45.00
52.31	54.25	187.94	44.81
48.44	52.31	189.88	44.57
46.50	52.31	191.81	44.42
46.50	50.38	193.75	44.18
40.69	48.44	195.69	44.05
40.69	48.44	197.63	43.83
38.75	46.50	199.56	43.71
38.75	44.56	201.50	43.47
29.06	42.63	203.44	43.39
27.13	44.56	205.38	43.24
19.38	42.63	207.31	43.23
13.56	40.69	209.25	43.18
0.00	38.75	211.19	43.24
0.00	36.81	213.13	43.22
0.00	38.75	215.06	43.31
0.00	38.75	217.00	43.31
0.00	36.81	218.94	43.37
0.00	36.81	220.88	43.36
0.00	36.81	222.81	43.42
0.00	34.88	224.75	43.36
0.00	34.88	226.69	43.41
0.00	32.94	228.63	43.35
0.00	32.94	230.56	43.36
0.00	31.00	232.50	43.23
