ratio7
width	response
218.94	155.00	19.38	95.22
215.06	155.00	21.31	100.92
215.06	156.94	23.25	105.99
211.19	156.94	25.19	109.92
209.25	156.94	27.13	112.96
207.31	155.00	29.06	115.42
203.44	155.00	31.00	117.57
199.56	155.00	32.94	119.52
197.63	153.06	34.88	121.46
193.75	153.06	36.81	123.16
189.88	153.06	38.75	124.51
186.00	153.06	40.69	125.59
182.13	153.06	42.63	126.15
180.19	153.06	44.56	126.05
180.19	151.13	46.50	125.40
178.25	151.13	48.44	124.41
178.25	149.19	50.38	122.47
176.31	149.19	52.31	120.03
176.31	147.25	54.25	117.06
174.38	147.25	56.19	114.11
170.50	145.31	58.13	111.40
170.50	143.38	60.06	109.15
168.56	143.38	62.00	106.99
166.63	141.44	63.94	104.86
166.63	139.50	65.88	102.80
554.13	0.00	65.88	102.01
552.19	0.00	67.81	102.34
550.25	0.00	69.75	102.45
548.31	0.00	71.69	102.37
546.38	0.00	73.63	102.07
544.44	0.00	75.56	101.56
542.50	0.00	77.50	101.03
540.56	0.00	79.44	100.44
538.63	0.00	81.38	99.82
536.69	0.00	83.31	99.14
534.75	0.00	85.25	98.43
532.81	0.00	87.19	97.54
530.88	0.00	89.13	96.54
528.94	0.00	91.06	95.30
527.00	0.00	93.00	93.99
525.06	0.00	94.94	92.58
523.13	0.00	96.88	91.05
521.19	0.00	98.81	89.46
519.25	0.00	100.75	87.80
517.31	0.00	102.69	86.11
515.38	0.00	104.63	84.37
513.44	0.00	106.56	82.60
511.50	0.00	108.50	80.77
509.56	0.00	110.44	78.94
507.63	0.00	112.38	77.05
505.69	0.00	114.31	75.21
503.75	0.00	116.25	73.44
501.81	0.00	118.19	71.69
499.88	0.00	120.13	69.90
497.94	0.00	122.06	68.08
496.00	0.00	124.00	66.26
494.06	0.00	125.94	64.44
110.44	110.44	129.81	63.05
106.56	108.50	131.75	62.26
104.63	108.50	133.69	61.50
102.69	106.56	135.63	60.77
100.75	104.63	137.56	60.04
96.88	102.69	139.50	59.33
94.94	98.81	141.44	58.68
93.00	96.88	143.38	58.08
91.06	94.94	145.31	57.51
89.13	93.00	147.25	56.96
87.19	91.06	149.19	56.44
85.25	89.13	151.13	55.92
83.31	87.19	153.06	55.40
81.38	85.25	155.00	54.89
81.38	83.31	156.94	54.37
79.44	81.38	158.88	53.85
77.50	79.44	160.81	53.32
75.56	77.50	162.75	52.81
75.56	75.56	164.69	52.30
73.63	73.63	166.63	51.79
69.75	71.69	168.56	51.31
69.75	69.75	170.50	50.84
67.81	67.81	172.44	50.36
65.88	65.88	174.38	49.90
62.00	63.94	176.31	49.46
58.13	62.00	178.25	49.07
58.13	60.06	180.19	48.68
50.38	58.13	182.13	48.31
48.44	56.19	184.06	47.98
46.50	56.19	186.00	47.67
40.69	54.25	187.94	47.37
38.75	52.31	189.88	47.06
38.75	52.31	191.81	46.74
0.00	52.31	193.75	46.53
0.00	50.38	195.69	46.42
0.00	48.44	197.63	46.29
0.00	46.50	199.56	46.14
0.00	44.56	201.50	45.97
0.00	46.50	203.44	45.81
0.00	44.56	205.38	45.64
0.00	42.63	207.31	45.48
0.00	40.69	209.25	45.32
0.00	38.75	211.19	45.13
0.00	36.81	213.13	44.92
0.00	38.75	215.06	44.73
0.00	38.75	217.00	44.53
0.00	36.81	218.94	44.31
0.00	36.81	220.88	44.09
0.00	36.81	222.81	43.86
0.00	34.88	224.75	43.61
0.00	34.88	226.69	43.35
0.00	32.94	228.63	43.07
0.00	32.94	230.56	42.79
0.00	31.00	232.50	42.48
