ratio6
width	response
220.88	156.94	19.38	86.38
217.00	155.00	21.31	91.34
215.06	155.00	23.25	96.71
213.13	155.00	25.19	101.57
209.25	155.00	27.13	106.04
207.31	155.00	29.06	109.26
203.44	155.00	31.00	112.15
199.56	155.00	32.94	114.09
197.63	153.06	34.88	116.21
193.75	153.06	36.81	117.51
189.88	153.06	38.75	118.91
186.00	153.06	40.69	119.69
182.13	153.06	42.63	120.68
180.19	153.06	44.56	120.97
180.19	151.13	46.50	120.98
178.25	151.13	48.44	120.47
178.25	149.19	50.38	119.43
176.31	149.19	52.31	117.93
176.31	147.25	54.25	116.21
174.38	147.25	56.19	114.18
172.44	145.31	58.13	112.23
172.44	143.38	60.06	109.49
170.50	143.38	62.00	107.00
168.56	141.44	63.94	104.24
168.56	139.50	65.88	101.74
164.69	137.56	67.81	99.59
552.19	0.00	67.81	98.61
550.25	0.00	69.75	98.97
548.31	0.00	71.69	99.00
546.38	0.00	73.63	98.93
544.44	0.00	75.56	98.63
542.50	0.00	77.50	98.60
540.56	0.00	79.44	98.29
538.63	0.00	81.38	98.00
536.69	0.00	83.31	97.39
534.75	0.00	85.25	96.76
532.81	0.00	87.19	95.86
530.88	0.00	89.13	94.97
528.94	0.00	91.06	93.94
527.00	0.00	93.00	92.96
525.06	0.00	94.94	91.85
523.13	0.00	96.88	90.83
521.19	0.00	98.81	89.67
519.25	0.00	100.75	88.59
517.31	0.00	102.69	87.41
515.38	0.00	104.63	86.06
513.44	0.00	106.56	84.71
511.50	0.00	108.50	83.24
509.56	0.00	110.44	81.72
507.63	0.00	112.38	80.07
505.69	0.00	114.31	78.45
503.75	0.00	116.25	76.70
501.81	0.00	118.19	75.03
499.88	0.00	120.13	73.24
497.94	0.00	122.06	71.51
496.00	0.00	124.00	69.67
494.06	0.00	125.94	67.96
492.13	0.00	127.88	66.10
490.19	0.00	129.81	64.38
488.25	0.00	131.75	62.62
486.31	0.00	133.69	61.01
102.69	104.63	137.56	60.50
100.75	102.69	139.50	59.91
96.88	100.75	141.44	59.37
93.00	96.88	143.38	58.81
91.06	94.94	145.31	58.27
87.19	93.00	147.25	57.72
85.25	91.06	149.19	57.07
81.38	89.13	151.13	56.40
79.44	87.19	153.06	55.55
81.38	85.25	155.00	54.89
81.38	83.31	156.94	54.37
79.44	81.38	158.88	53.85
77.50	79.44	160.81	53.32
75.56	77.50	162.75	52.81
75.56	75.56	164.69	52.30
73.63	73.63	166.63	51.79
69.75	71.69	168.56	51.31
69.75	69.75	170.50	50.84
67.81	67.81	172.44	50.36
65.88	65.88	174.38	49.90
62.00	63.94	176.31	49.46
58.13	62.00	178.25	49.07
58.13	60.06	180.19	48.68
50.38	58.13	182.13	48.31
48.44	56.19	184.06	47.98
46.50	56.19	186.00	47.67
40.69	54.25	187.94	47.37
38.75	52.31	189.88	47.06
38.75	52.31	191.81	46.74
0.00	52.31	193.75	46.53
0.00	50.38	195.69	46.42
0.00	48.44	197.63	46.29
0.00	46.50	199.56	46.14
0.00	44.56	201.50	45.97
0.00	46.50	203.44	45.81
0.00	44.56	205.38	45.64
0.00	42.63	207.31	45.48
0.00	40.69	209.25	45.32
0.00	38.75	211.19	45.13
0.00	36.81	213.13	44.92
0.00	38.75	215.06	44.73
0.00	38.75	217.00	44.53
0.00	36.81	218.94	44.31
0.00	36.81	220.88	44.09
0.00	36.81	222.81	43.86
0.00	34.88	224.75	43.61
0.00	34.88	226.69	43.35
0.00	32.94	228.63	43.07
0.00	32.94	230.56	42.79
0.00	31.00	232.50	42.48
