ratio3
width	response
224.75	156.94	19.38	59.10
222.81	156.94	21.31	62.47
218.94	156.94	23.25	65.85
217.00	155.00	25.19	69.01
215.06	155.00	27.13	71.85
211.19	155.00	29.06	74.38
209.25	153.06	31.00	76.53
205.38	153.06	32.94	78.90
201.50	153.06	34.88	80.85
197.63	153.06	36.81	82.69
191.81	153.06	38.75	84.65
187.94	153.06	40.69	86.92
184.06	153.06	42.63	89.00
184.06	151.13	44.56	90.73
182.13	151.13	46.50	92.21
180.19	151.13	48.44	93.24
180.19	149.19	50.38	93.49
178.25	149.19	52.31	93.41
178.25	147.25	54.25	92.89
176.31	147.25	56.19	92.16
174.38	145.31	58.13	91.43
174.38	143.38	60.06	90.45
172.44	143.38	62.00	89.47
170.50	141.44	63.94	88.37
168.56	141.44	65.88	87.24
168.56	141.44	67.81	86.18
166.63	141.44	69.75	85.07
164.69	141.44	71.69	83.95
164.69	141.44	73.63	82.84
162.75	141.44	75.56	81.81
160.81	141.44	77.50	80.76
160.81	139.50	79.44	79.74
158.88	139.50	81.38	78.81
156.94	137.56	83.31	77.89
536.69	0.00	83.31	77.32
534.75	0.00	85.25	77.98
532.81	0.00	87.19	78.38
530.88	0.00	89.13	78.51
528.94	0.00	91.06	78.53
527.00	0.00	93.00	78.51
525.06	0.00	94.94	78.44
523.13	0.00	96.88	78.31
521.19	0.00	98.81	78.16
519.25	0.00	100.75	77.94
517.31	0.00	102.69	77.83
515.38	0.00	104.63	77.59
513.44	0.00	106.56	77.28
511.50	0.00	108.50	76.79
509.56	0.00	110.44	76.22
507.63	0.00	112.38	75.45
505.69	0.00	114.31	74.61
503.75	0.00	116.25	73.66
501.81	0.00	118.19	72.87
499.88	0.00	120.13	72.06
497.94	0.00	122.06	71.09
496.00	0.00	124.00	70.06
494.06	0.00	125.94	69.10
492.13	0.00	127.88	68.02
490.19	0.00	129.81	66.78
488.25	0.00	131.75	65.63
486.31	0.00	133.69	64.53
484.38	0.00	135.63	63.45
482.44	0.00	137.56	62.50
480.50	0.00	139.50	61.51
478.56	0.00	141.44	60.49
476.63	0.00	143.38	59.46
474.69	0.00	145.31	58.36
472.75	0.00	147.25	57.23
470.81	0.00	149.19	56.13
468.88	0.00	151.13	54.97
466.94	0.00	153.06	53.84
465.00	0.00	155.00	52.72
463.06	0.00	156.94	51.73
461.13	0.00	158.88	50.74
459.19	0.00	160.81	49.78
457.25	0.00	162.75	48.85
455.31	0.00	164.69	48.01
453.38	0.00	166.63	47.15
451.44	0.00	168.56	46.37
69.75	65.88	172.44	45.72
67.81	63.94	174.38	45.28
65.88	62.00	176.31	44.87
63.94	60.06	178.25	44.45
60.06	58.13	180.19	44.06
58.13	58.13	182.13	43.68
56.19	56.19	184.06	43.29
50.38	54.25	186.00	42.90
48.44	52.31	187.94	42.56
46.50	50.38	189.88	42.20
40.69	48.44	191.81	41.84
40.69	48.44	193.75	41.50
38.75	46.50	195.69	41.15
38.75	44.56	197.63	40.78
29.06	42.63	199.56	40.46
27.13	40.69	201.50	40.17
13.56	38.75	203.44	39.93
5.81	36.81	205.38	39.71
0.00	36.81	207.31	39.55
0.00	34.88	209.25	39.37
0.00	32.94	211.19	39.16
0.00	36.81	213.13	39.07
0.00	38.75	215.06	39.03
0.00	38.75	217.00	38.98
0.00	36.81	218.94	38.93
0.00	36.81	220.88	38.86
0.00	36.81	222.81	38.78
0.00	34.88	224.75	38.67
0.00	34.88	226.69	38.55
0.00	32.94	228.63	38.41
0.00	32.94	230.56	38.26
0.00	31.00	232.50	38.09
