ratio6
width	response
158.88	124.00	19.38	76.06
156.94	124.00	21.31	72.39
155.00	122.06	23.25	69.60
155.00	120.13	25.19	66.49
153.06	118.19	27.13	64.71
592.88	0.00	27.13	66.40
590.94	0.00	29.06	68.81
589.00	0.00	31.00	72.24
587.06	0.00	32.94	73.72
585.13	0.00	34.88	75.25
583.19	0.00	36.81	75.61
581.25	0.00	38.75	76.29
579.31	0.00	40.69	76.35
577.38	0.00	42.63	76.53
575.44	0.00	44.56	76.07
573.50	0.00	46.50	75.80
571.56	0.00	48.44	75.28
569.63	0.00	50.38	74.75
567.69	0.00	52.31	73.83
565.75	0.00	54.25	73.14
563.81	0.00	56.19	72.20
561.88	0.00	58.13	71.11
559.94	0.00	60.06	70.04
558.00	0.00	62.00	69.06
556.06	0.00	63.94	68.10
554.13	0.00	65.88	67.36
552.19	0.00	67.81	66.54
550.25	0.00	69.75	65.87
548.31	0.00	71.69	65.04
546.38	0.00	73.63	64.58
544.44	0.00	75.56	63.88
542.50	0.00	77.50	63.39
540.56	0.00	79.44	62.61
538.63	0.00	81.38	62.07
536.69	0.00	83.31	61.27
534.75	0.00	85.25	60.71
532.81	0.00	87.19	59.83
530.88	0.00	89.13	59.23
528.94	0.00	91.06	58.37
527.00	0.00	93.00	57.88
525.06	0.00	94.94	57.14
523.13	0.00	96.88	56.73
521.19	0.00	98.81	56.06
519.25	0.00	100.75	55.70
368.13	356.50	104.63	55.22
368.13	354.56	106.56	55.05
368.13	352.63	108.50	54.84
368.13	350.69	110.44	54.79
368.13	348.75	112.38	54.76
368.13	346.81	114.31	54.80
368.13	344.88	116.25	54.69
368.13	342.94	118.19	54.67
368.13	341.00	120.13	54.56
366.19	339.06	122.06	54.53
366.19	337.13	124.00	54.43
364.25	335.19	125.94	54.46
364.25	333.25	127.88	54.37
364.25	331.31	129.81	54.35
364.25	329.38	131.75	54.23
364.25	327.44	133.69	54.43
362.31	325.50	135.63	54.47
362.31	323.56	137.56	54.62
362.31	321.63	139.50	54.63
362.31	319.69	141.44	54.76
362.31	317.75	143.38	54.75
364.25	315.81	145.31	54.81
368.13	313.88	147.25	54.59
368.13	311.94	149.19	54.27
366.19	310.00	151.13	53.96
364.25	308.06	153.06	53.65
364.25	306.13	155.00	53.34
364.25	304.19	156.94	53.03
362.31	302.25	158.88	52.73
362.31	300.31	160.81	52.43
362.31	298.38	162.75	52.13
360.38	296.44	164.69	51.84
360.38	294.50	166.63	51.55
451.44	0.00	168.56	51.60
449.50	0.00	170.50	51.81
447.56	0.00	172.44	52.13
445.63	0.00	174.38	52.32
443.69	0.00	176.31	52.65
443.69	0.00	176.31	52.69
441.75	0.00	178.25	52.53
439.81	0.00	180.19	52.38
437.88	0.00	182.13	52.26
435.94	0.00	184.06	52.14
434.00	0.00	186.00	52.11
432.06	0.00	187.94	52.06
430.13	0.00	189.88	51.94
428.19	0.00	191.81	51.82
426.25	0.00	193.75	51.72
424.31	0.00	195.69	51.61
422.38	0.00	197.63	51.51
420.44	0.00	199.56	51.43
418.50	0.00	201.50	51.45
416.56	0.00	203.44	51.51
414.63	0.00	205.38	51.50
412.69	0.00	207.31	51.55
410.75	0.00	209.25	51.58
406.88	0.00	213.13	51.61
404.94	0.00	215.06	51.67
403.00	0.00	217.00	51.72
401.06	0.00	218.94	51.75
399.13	0.00	220.88	51.78
397.19	0.00	222.81	51.82
395.25	0.00	224.75	51.87
393.31	0.00	226.69	51.89
393.31	0.00	226.69	51.90
391.38	0.00	228.63	51.90
389.44	0.00	230.56	51.89
