ratio2
width	response
158.88	125.94	19.38	55.88
156.94	125.94	21.31	54.59
155.00	124.00	23.25	56.65
153.06	124.00	25.19	52.18
151.13	122.06	27.13	51.33
151.13	120.13	29.06	46.51
149.19	118.19	31.00	44.95
147.25	116.25	32.94	40.71
0.00	127.88	34.88	41.52
0.00	125.94	36.81	39.34
0.00	124.00	38.75	39.56
156.94	108.50	40.69	38.51
155.00	106.56	42.63	40.28
153.06	104.63	44.56	39.59
151.13	102.69	46.50	40.87
151.13	98.81	48.44	40.41
149.19	96.88	50.38	41.44
149.19	94.94	52.31	40.97
149.19	93.00	54.25	41.71
147.25	91.06	56.19	40.97
147.25	89.13	58.13	41.44
559.94	0.00	60.06	43.95
558.00	0.00	62.00	45.26
556.06	0.00	63.94	47.86
554.13	0.00	65.88	48.93
554.13	0.00	65.88	51.11
552.19	0.00	67.81	51.86
550.25	0.00	69.75	53.40
548.31	0.00	71.69	53.88
546.38	0.00	73.63	54.89
544.44	0.00	75.56	54.88
542.50	0.00	77.50	55.05
540.56	0.00	79.44	54.55
538.63	0.00	81.38	54.06
536.69	0.00	83.31	53.19
534.75	0.00	85.25	52.21
532.81	0.00	87.19	50.95
530.88	0.00	89.13	49.69
528.94	0.00	91.06	48.29
151.13	56.19	94.94	47.64
151.13	54.25	96.88	47.73
149.19	48.44	98.81	47.84
149.19	50.38	100.75	47.44
149.19	48.44	102.69	47.80
147.25	46.50	104.63	47.06
145.31	44.56	106.56	47.40
143.38	42.63	108.50	46.65
141.44	40.69	110.44	47.01
139.50	38.75	112.38	46.24
137.56	36.81	114.31	46.52
135.63	34.88	116.25	45.68
135.63	32.94	118.19	45.86
135.63	31.00	120.13	45.00
133.69	29.06	122.06	45.11
131.75	29.06	124.00	44.21
131.75	27.13	125.94	44.28
129.81	25.19	127.88	43.37
127.88	23.25	129.81	43.41
122.06	21.31	131.75	42.48
120.13	19.38	133.69	42.53
118.19	17.44	135.63	41.63
118.19	15.50	137.56	41.71
116.25	13.56	139.50	40.83
116.25	11.63	141.44	40.90
116.25	9.69	143.38	39.96
114.31	7.75	145.31	39.96
0.00	3.88	147.25	39.47
0.00	0.00	149.19	40.24
0.00	0.00	151.13	40.76
0.00	0.00	153.06	41.32
0.00	0.00	155.00	41.55
0.00	0.00	156.94	41.71
0.00	0.00	158.88	41.56
0.00	0.00	160.81	41.44
0.00	0.00	162.75	41.24
0.00	0.00	164.69	41.13
0.00	0.00	166.63	40.90
0.00	0.00	168.56	40.80
0.00	0.00	170.50	40.56
0.00	0.00	172.44	40.46
0.00	0.00	174.38	40.19
0.00	0.00	176.31	40.00
0.00	0.00	178.25	39.56
0.00	0.00	180.19	39.13
0.00	0.00	182.13	38.51
0.00	0.00	184.06	37.88
0.00	0.00	186.00	37.18
0.00	0.00	187.94	36.45
0.00	0.00	189.88	35.75
0.00	0.00	191.81	34.99
0.00	0.00	193.75	34.36
311.94	265.44	195.69	34.39
310.00	263.50	197.63	34.13
308.06	261.56	199.56	34.21
306.13	259.63	201.50	33.88
304.19	257.69	203.44	33.88
302.25	255.75	205.38	33.47
300.31	253.81	207.31	33.36
298.38	251.88	209.25	32.87
311.94	249.94	211.19	32.68
311.94	248.00	213.13	32.46
310.00	246.06	215.06	32.36
310.00	244.13	217.00	32.12
310.00	242.19	218.94	31.98
310.00	240.25	220.88	31.71
310.00	238.31	222.81	31.48
308.06	236.38	224.75	31.18
308.06	234.44	226.69	30.89
308.06	232.50	228.63	30.59
389.44	0.00	230.56	30.64
387.50	0.00	232.50	30.99
