ratio7
width	response
158.88	124.00	19.38	77.97
156.94	122.06	21.31	74.46
156.94	122.06	23.25	71.54
218.94	104.63	25.19	69.82
594.81	0.00	25.19	72.58
592.88	0.00	27.13	75.22
590.94	0.00	29.06	77.03
589.00	0.00	31.00	78.43
587.06	0.00	32.94	79.30
585.13	0.00	34.88	79.79
583.19	0.00	36.81	80.01
581.25	0.00	38.75	79.96
579.31	0.00	40.69	79.69
577.38	0.00	42.63	79.14
575.44	0.00	44.56	78.39
573.50	0.00	46.50	77.56
571.56	0.00	48.44	76.96
569.63	0.00	50.38	75.90
567.69	0.00	52.31	74.81
565.75	0.00	54.25	73.73
563.81	0.00	56.19	72.80
561.88	0.00	58.13	72.21
559.94	0.00	60.06	71.79
558.00	0.00	62.00	71.39
556.06	0.00	63.94	71.09
554.13	0.00	65.88	70.85
552.19	0.00	67.81	70.50
550.25	0.00	69.75	70.08
548.31	0.00	71.69	69.71
546.38	0.00	73.63	69.32
544.44	0.00	75.56	68.93
542.50	0.00	77.50	68.47
540.56	0.00	79.44	67.98
538.63	0.00	81.38	67.50
536.69	0.00	83.31	67.04
534.75	0.00	85.25	66.53
532.81	0.00	87.19	66.00
530.88	0.00	89.13	65.46
528.94	0.00	91.06	64.80
527.00	0.00	93.00	64.08
525.06	0.00	94.94	63.20
523.13	0.00	96.88	62.31
521.19	0.00	98.81	61.39
519.25	0.00	100.75	60.50
517.31	0.00	102.69	59.54
515.38	0.00	104.63	58.52
375.88	352.63	108.50	57.54
375.88	350.69	110.44	57.58
375.88	348.75	112.38	57.59
375.88	346.81	114.31	57.58
373.94	344.88	116.25	57.65
373.94	342.94	118.19	57.81
372.00	341.00	120.13	57.96
372.00	339.06	122.06	58.07
372.00	337.13	124.00	58.18
377.81	335.19	125.94	58.11
377.81	333.25	127.88	57.80
377.81	331.31	129.81	57.48
377.81	329.38	131.75	57.14
375.88	327.44	133.69	56.82
375.88	325.50	135.63	56.50
373.94	323.56	137.56	56.18
373.94	321.63	139.50	55.85
372.00	319.69	141.44	55.54
370.06	317.75	143.38	55.22
476.63	0.00	143.38	55.07
474.69	0.00	145.31	55.22
472.75	0.00	147.25	55.34
470.81	0.00	149.19	55.44
468.88	0.00	151.13	55.53
466.94	0.00	153.06	55.64
465.00	0.00	155.00	55.41
463.06	0.00	156.94	55.09
461.13	0.00	158.88	54.77
459.19	0.00	160.81	54.47
457.25	0.00	162.75	54.20
455.31	0.00	164.69	53.93
453.38	0.00	166.63	53.69
451.44	0.00	168.56	53.46
449.50	0.00	170.50	53.25
447.56	0.00	172.44	53.04
445.63	0.00	174.38	52.85
443.69	0.00	176.31	52.69
441.75	0.00	178.25	52.53
439.81	0.00	180.19	52.38
437.88	0.00	182.13	52.26
435.94	0.00	184.06	52.14
434.00	0.00	186.00	52.11
432.06	0.00	187.94	52.06
430.13	0.00	189.88	51.94
428.19	0.00	191.81	51.82
426.25	0.00	193.75	51.72
424.31	0.00	195.69	51.61
422.38	0.00	197.63	51.51
420.44	0.00	199.56	51.43
418.50	0.00	201.50	51.45
416.56	0.00	203.44	51.51
414.63	0.00	205.38	51.50
412.69	0.00	207.31	51.55
410.75	0.00	209.25	51.58
406.88	0.00	213.13	51.61
404.94	0.00	215.06	51.67
403.00	0.00	217.00	51.72
401.06	0.00	218.94	51.75
399.13	0.00	220.88	51.78
397.19	0.00	222.81	51.82
395.25	0.00	224.75	51.87
393.31	0.00	226.69	51.89
393.31	0.00	226.69	51.90
391.38	0.00	228.63	51.90
389.44	0.00	230.56	51.89
