ratio4
width	response
158.88	125.94	19.38	69.44
156.94	124.00	21.31	66.56
156.94	122.06	23.25	64.64
155.00	120.13	25.19	61.24
153.06	118.19	27.13	59.71
151.13	116.25	29.06	57.22
151.13	114.31	31.00	55.65
149.19	112.38	32.94	53.57
147.25	108.50	34.88	52.65
585.13	0.00	34.88	53.94
583.19	3.88	36.81	55.87
581.25	1.94	38.75	59.23
579.31	0.00	40.69	60.92
577.38	0.00	42.63	63.50
575.44	0.00	44.56	64.52
573.50	0.00	46.50	66.05
571.56	0.00	48.44	66.58
569.63	0.00	50.38	67.36
567.69	0.00	52.31	67.39
565.75	0.00	54.25	67.61
563.81	0.00	56.19	67.35
561.88	0.00	58.13	67.41
559.94	0.00	60.06	67.10
558.00	0.00	62.00	66.84
556.06	0.00	63.94	66.26
554.13	0.00	65.88	65.65
552.19	0.00	67.81	64.75
550.25	0.00	69.75	63.73
548.31	0.00	71.69	62.64
546.38	0.00	73.63	61.38
544.44	0.00	75.56	60.17
542.50	0.00	77.50	58.98
540.56	0.00	79.44	57.56
158.88	63.94	83.31	57.11
158.88	62.00	85.25	56.39
156.94	60.06	87.19	56.23
155.00	58.13	89.13	55.42
155.00	56.19	91.06	55.15
153.06	54.25	93.00	54.33
151.13	52.31	94.94	54.04
151.13	50.38	96.88	53.16
149.19	48.44	98.81	52.73
149.19	46.50	100.75	51.75
149.19	44.56	102.69	50.91
147.25	42.63	104.63	50.18
147.25	40.69	106.56	49.28
145.31	38.75	108.50	48.50
360.38	350.69	110.44	47.71
360.38	348.75	112.38	47.94
358.44	346.81	114.31	48.41
358.44	344.88	116.25	48.56
358.44	342.94	118.19	48.95
356.50	341.00	120.13	49.06
356.50	339.06	122.06	49.33
354.56	337.13	124.00	49.30
354.56	335.19	125.94	49.35
354.56	333.25	127.88	49.18
354.56	331.31	129.81	49.04
352.63	329.38	131.75	48.79
352.63	327.44	133.69	48.54
350.69	325.50	135.63	48.23
350.69	323.56	137.56	47.92
350.69	321.63	139.50	47.57
348.75	319.69	141.44	47.28
348.75	317.75	143.38	46.96
348.75	315.81	145.31	46.71
348.75	313.88	147.25	46.41
348.75	311.94	149.19	46.17
346.81	310.00	151.13	45.88
344.88	308.06	153.06	45.67
344.88	306.13	155.00	45.46
344.88	304.19	156.94	45.43
344.88	302.25	158.88	45.27
344.88	300.31	160.81	45.19
344.88	298.38	162.75	44.98
342.94	296.44	164.69	44.89
342.94	294.50	166.63	44.70
342.94	292.56	168.56	44.62
341.00	290.63	170.50	44.45
341.00	288.69	172.44	44.41
341.00	286.75	174.38	44.27
339.06	284.81	176.31	44.25
339.06	282.88	178.25	44.12
339.06	280.94	180.19	44.08
337.13	279.00	182.13	43.94
337.13	277.06	184.06	43.90
337.13	275.13	186.00	43.89
335.19	273.19	187.94	44.06
335.19	271.25	189.88	44.07
335.19	269.31	191.81	44.24
333.25	267.38	193.75	44.25
333.25	265.44	195.69	44.42
333.25	263.50	197.63	44.43
331.31	261.56	199.56	44.60
331.31	259.63	201.50	44.60
331.31	257.69	203.44	44.74
331.31	255.75	205.38	44.73
329.38	253.81	207.31	44.85
329.38	251.88	209.25	44.84
329.38	249.94	211.19	44.95
327.44	248.00	213.13	44.93
404.94	0.00	215.06	45.22
403.00	0.00	217.00	45.65
401.06	0.00	218.94	46.23
399.13	0.00	220.88	46.62
397.19	0.00	222.81	47.19
395.25	0.00	224.75	47.57
393.31	0.00	226.69	48.10
391.38	0.00	228.63	48.43
389.44	0.00	230.56	48.90
387.50	0.00	232.50	49.18
