ratio3
width	response
158.88	125.94	19.38	64.58
156.94	124.00	21.31	62.60
155.00	124.00	23.25	59.58
155.00	122.06	25.19	57.27
153.06	120.13	27.13	55.17
151.13	118.19	29.06	52.93
151.13	114.31	31.00	50.82
149.19	112.38	32.94	49.39
147.25	110.44	34.88	48.19
145.31	108.50	36.81	47.34
143.38	106.56	38.75	46.70
155.00	104.63	40.69	46.57
155.00	102.69	42.63	46.95
153.06	100.75	44.56	47.49
575.44	5.81	44.56	49.48
573.50	5.81	46.50	51.73
571.56	5.81	48.44	53.86
569.63	3.88	50.38	55.82
567.69	1.94	52.31	57.56
565.75	0.00	54.25	59.02
563.81	0.00	56.19	60.24
561.88	0.00	58.13	61.14
559.94	0.00	60.06	61.77
558.00	0.00	62.00	62.14
556.06	0.00	63.94	62.29
554.13	0.00	65.88	62.18
552.19	0.00	67.81	61.84
550.25	0.00	69.75	61.27
548.31	0.00	71.69	60.71
546.38	0.00	73.63	60.07
544.44	0.00	75.56	59.26
542.50	0.00	77.50	58.28
540.56	0.00	79.44	57.18
538.63	0.00	81.38	55.95
536.69	0.00	83.31	54.66
156.94	62.00	87.19	53.88
155.00	60.06	89.13	53.62
155.00	58.13	91.06	53.38
153.06	56.19	93.00	53.11
151.13	52.31	94.94	52.85
151.13	50.38	96.88	52.59
151.13	50.38	98.81	52.29
149.19	48.44	100.75	51.97
149.19	46.50	102.69	51.62
147.25	44.56	104.63	51.22
147.25	42.63	106.56	50.79
145.31	40.69	108.50	50.35
141.44	38.75	110.44	49.87
141.44	36.81	112.38	49.38
141.44	34.88	114.31	48.83
139.50	32.94	116.25	48.27
135.63	31.00	118.19	47.69
135.63	29.06	120.13	47.09
133.69	29.06	122.06	46.45
133.69	27.13	124.00	45.80
131.75	25.19	125.94	45.12
129.81	23.25	127.88	44.44
124.00	21.31	129.81	43.75
120.13	19.38	131.75	43.10
0.00	15.50	133.69	43.03
0.00	13.56	135.63	43.37
0.00	11.63	137.56	43.66
0.00	7.75	139.50	43.93
0.00	5.81	141.44	44.21
0.00	3.88	143.38	44.41
0.00	1.94	145.31	44.55
0.00	0.00	147.25	44.67
0.00	0.00	149.19	44.62
0.00	0.00	151.13	44.41
0.00	0.00	153.06	44.08
0.00	0.00	155.00	43.57
0.00	0.00	156.94	42.91
337.13	302.25	158.88	42.59
337.13	300.31	160.81	42.40
337.13	298.38	162.75	42.18
337.13	296.44	164.69	41.94
339.06	294.50	166.63	41.65
337.13	292.56	168.56	41.32
335.19	290.63	170.50	40.96
335.19	288.69	172.44	40.60
333.25	286.75	174.38	40.25
333.25	284.81	176.31	39.94
333.25	282.88	178.25	39.65
331.31	280.94	180.19	39.38
331.31	279.00	182.13	39.11
329.38	277.06	184.06	38.86
329.38	275.13	186.00	38.61
327.44	273.19	187.94	38.38
327.44	271.25	189.88	38.15
327.44	269.31	191.81	37.95
325.50	267.38	193.75	37.83
325.50	265.44	195.69	37.73
325.50	263.50	197.63	37.68
323.56	261.56	199.56	37.58
323.56	259.63	201.50	37.46
323.56	257.69	203.44	37.34
321.63	255.75	205.38	37.22
321.63	253.81	207.31	37.12
319.69	251.88	209.25	37.02
319.69	249.94	211.19	36.92
319.69	248.00	213.13	36.82
319.69	246.06	215.06	36.72
317.75	244.13	217.00	36.65
317.75	242.19	218.94	36.58
315.81	240.25	220.88	36.54
397.19	0.00	222.81	36.56
395.25	0.00	224.75	36.55
393.31	0.00	226.69	36.50
391.38	0.00	228.63	36.41
389.44	0.00	230.56	36.57
387.50	0.00	232.50	37.00
