ratio5
width	response
158.88	124.00	19.38	73.60
156.94	124.00	21.31	70.83
155.00	122.06	23.25	67.70
155.00	120.13	25.19	64.96
153.06	118.19	27.13	62.52
151.13	116.25	29.06	60.28
590.94	29.06	29.06	58.52
589.00	5.81	31.00	60.69
587.06	1.94	32.94	63.84
585.13	0.00	34.88	66.55
583.19	0.00	36.81	68.62
581.25	0.00	38.75	70.13
579.31	0.00	40.69	71.11
577.38	0.00	42.63	71.65
575.44	0.00	44.56	71.87
573.50	0.00	46.50	72.01
571.56	0.00	48.44	72.16
569.63	0.00	50.38	72.11
567.69	0.00	52.31	71.81
565.75	0.00	54.25	71.32
563.81	0.00	56.19	70.73
561.88	0.00	58.13	70.09
559.94	0.00	60.06	69.35
558.00	0.00	62.00	68.48
556.06	0.00	63.94	67.72
554.13	0.00	65.88	66.74
552.19	0.00	67.81	65.44
550.25	0.00	69.75	64.06
548.31	0.00	71.69	62.76
546.38	0.00	73.63	61.45
544.44	0.00	75.56	60.21
542.50	0.00	77.50	59.12
540.56	0.00	79.44	58.09
538.63	0.00	81.38	57.09
536.69	0.00	83.31	56.05
534.75	0.00	85.25	55.04
532.81	0.00	87.19	54.11
530.88	0.00	89.13	53.22
528.94	0.00	91.06	52.30
366.19	366.19	94.94	52.04
364.25	364.25	96.88	52.50
364.25	362.31	98.81	52.91
364.25	360.38	100.75	53.27
362.31	358.44	102.69	53.52
362.31	356.50	104.63	53.62
362.31	354.56	106.56	53.58
362.31	352.63	108.50	53.45
362.31	350.69	110.44	53.27
362.31	348.75	112.38	53.02
362.31	346.81	114.31	52.71
362.31	344.88	116.25	52.40
362.31	342.94	118.19	52.13
362.31	341.00	120.13	51.89
362.31	339.06	122.06	51.64
360.38	337.13	124.00	51.42
360.38	335.19	125.94	51.21
360.38	333.25	127.88	51.03
360.38	331.31	129.81	50.93
358.44	329.38	131.75	50.88
358.44	327.44	133.69	50.79
356.50	325.50	135.63	50.69
356.50	323.56	137.56	50.57
356.50	321.63	139.50	50.46
356.50	319.69	141.44	50.33
354.56	317.75	143.38	50.22
354.56	315.81	145.31	50.14
354.56	313.88	147.25	50.05
354.56	311.94	149.19	49.97
352.63	310.00	151.13	49.88
352.63	308.06	153.06	49.78
352.63	306.13	155.00	49.80
350.69	304.19	156.94	49.88
350.69	302.25	158.88	49.96
350.69	300.31	160.81	50.03
350.69	298.38	162.75	50.08
348.75	296.44	164.69	50.12
348.75	294.50	166.63	50.16
348.75	292.56	168.56	50.19
346.81	290.63	170.50	50.22
346.81	288.69	172.44	50.24
348.75	286.75	174.38	50.25
352.63	284.81	176.31	50.15
356.50	282.88	178.25	49.95
356.50	280.94	180.19	49.71
354.56	279.00	182.13	49.47
354.56	277.06	184.06	49.24
354.56	275.13	186.00	49.00
352.63	273.19	187.94	48.77
350.69	271.25	189.88	48.54
428.19	0.00	191.81	48.71
426.25	0.00	193.75	49.07
424.31	0.00	195.69	49.43
422.38	0.00	197.63	49.76
420.44	0.00	199.56	50.08
418.50	0.00	201.50	50.39
416.56	0.00	203.44	50.81
414.63	0.00	205.38	51.24
414.63	0.00	205.38	51.50
412.69	0.00	207.31	51.55
410.75	0.00	209.25	51.58
406.88	0.00	213.13	51.61
404.94	0.00	215.06	51.67
403.00	0.00	217.00	51.72
401.06	0.00	218.94	51.75
399.13	0.00	220.88	51.78
397.19	0.00	222.81	51.82
395.25	0.00	224.75	51.87
393.31	0.00	226.69	51.89
393.31	0.00	226.69	51.90
391.38	0.00	228.63	51.90
389.44	0.00	230.56	51.89
